-1.0;-2.0;-3.0;0.0;-2.0;0.0;1.0;-1.0;
0.0;-2.0;-2.0;0.0;1.0;0.0;0.0;0.0;
-2.0;-1.0;0.0;1.0;1.0;0.0;-1.0;0.0;
0.0;0.0;-2.0;0.0;-1.0;-4.0;-2.0;-1.0;
-1.0;-1.0;1.0;-1.0;0.0;-3.0;-1.0;-1.0;
-2.0;-2.0;-2.0;-2.0;-2.0;-2.0;-1.0;-1.0;
-2.0;-1.0;0.0;1.0;-1.0;-5.0;-2.0;-2.0;
1.0;1.0;0.0;0.0;2.0;3.0;-1.0;0.0;
1.0;-1.0;-3.0;-11.0;9.0;4.0;-1.0;-1.0;
-5.0;-1.0;-2.0;-11.0;-20.0;-4.0;-1.0;-2.0;
1.0;0.0;3.0;23.0;-3.0;-4.0;3.0;3.0;
-2.0;-2.0;-3.0;-2.0;-2.0;2.0;-4.0;-3.0;
-2.0;-2.0;0.0;3.0;1.0;-8.0;0.0;-1.0;
0.0;-1.0;-1.0;-13.0;7.0;0.0;-3.0;-2.0;
-1.0;1.0;-2.0;-8.0;5.0;8.0;2.0;-1.0;
-3.0;-2.0;0.0;1.0;-1.0;-10.0;-1.0;-1.0;
0.0;0.0;-2.0;5.0;-7.0;0.0;-3.0;-1.0;
-3.0;-2.0;0.0;-3.0;-4.0;0.0;2.0;-2.0;
-2.0;-3.0;-3.0;-5.0;-3.0;-4.0;0.0;-2.0;
-1.0;0.0;-1.0;-3.0;6.0;0.0;-1.0;1.0;
1.0;-1.0;-2.0;-5.0;-1.0;3.0;-2.0;2.0;
2.0;0.0;-1.0;5.0;-1.0;-5.0;-1.0;1.0;
-2.0;0.0;0.0;-2.0;-3.0;1.0;-2.0;1.0;
-6.0;-3.0;-1.0;0.0;5.0;3.0;1.0;-7.0;
3.0;0.0;3.0;2.0;-2.0;-2.0;1.0;-1.0;
5.0;1.0;-1.0;7.0;12.0;-4.0;-4.0;3.0;
0.0;-2.0;-3.0;-5.0;-11.0;-1.0;-1.0;-1.0;
-2.0;0.0;-1.0;-10.0;-11.0;-3.0;0.0;1.0;
0.0;0.0;-1.0;1.0;-1.0;-4.0;0.0;0.0;
-2.0;-6.0;-4.0;2.0;6.0;8.0;2.0;-3.0;
-1.0;1.0;1.0;0.0;4.0;-3.0;-1.0;1.0;
2.0;1.0;-2.0;0.0;2.0;2.0;-2.0;0.0;
-2.0;-2.0;-2.0;-17.0;-3.0;-1.0;1.0;-2.0;
0.0;1.0;3.0;13.0;-9.0;-4.0;-1.0;1.0;
1.0;-1.0;-1.0;-7.0;-4.0;-1.0;-4.0;1.0;
-2.0;-1.0;0.0;6.0;0.0;-2.0;2.0;-4.0;
-2.0;-1.0;-3.0;-6.0;1.0;10.0;-3.0;-2.0;
1.0;1.0;4.0;-4.0;-5.0;-11.0;0.0;-1.0;
-6.0;-5.0;-12.0;-1.0;9.0;5.0;-1.0;-3.0;
3.0;1.0;0.0;0.0;-9.0;-8.0;-4.0;1.0;
-4.0;1.0;1.0;0.0;-9.0;-2.0;0.0;-1.0;
-1.0;-1.0;-1.0;-2.0;5.0;0.0;-6.0;-1.0;
1.0;0.0;2.0;3.0;-1.0;2.0;2.0;-1.0;
0.0;-1.0;0.0;0.0;6.0;4.0;3.0;2.0;
0.0;1.0;-2.0;4.0;1.0;3.0;0.0;1.0;
-3.0;-2.0;-2.0;0.0;-5.0;1.0;0.0;-2.0;
-3.0;-2.0;0.0;-4.0;2.0;-11.0;-3.0;-3.0;
1.0;0.0;-2.0;-1.0;-4.0;-2.0;-3.0;1.0;
-4.0;-1.0;2.0;3.0;-5.0;-10.0;-1.0;-1.0;
0.0;-2.0;-1.0;-5.0;2.0;4.0;-1.0;0.0;
0.0;0.0;1.0;-1.0;3.0;1.0;0.0;0.0;
1.0;-1.0;-1.0;2.0;0.0;-1.0;-1.0;-1.0;
-2.0;-2.0;-1.0;0.0;-2.0;2.0;1.0;-4.0;
0.0;-1.0;-2.0;1.0;16.0;1.0;1.0;0.0;
-1.0;0.0;0.0;2.0;-9.0;-2.0;-1.0;-3.0;
1.0;1.0;1.0;-5.0;-9.0;7.0;0.0;3.0;
-2.0;-1.0;-3.0;-4.0;-5.0;-7.0;-3.0;-2.0;
-3.0;1.0;0.0;-2.0;2.0;-4.0;-4.0;-2.0;
-5.0;-1.0;2.0;0.0;-1.0;-10.0;-1.0;-2.0;
3.0;-1.0;0.0;3.0;4.0;5.0;1.0;0.0;
7.0;2.0;1.0;2.0;4.0;3.0;0.0;3.0;
-1.0;0.0;-3.0;-3.0;-5.0;2.0;-1.0;-1.0;
-2.0;-2.0;0.0;-1.0;0.0;2.0;-3.0;-1.0;
-3.0;-3.0;-2.0;-2.0;0.0;-2.0;-3.0;-3.0;
-1.0;1.0;1.0;1.0;-2.0;-4.0;-2.0;1.0;
-2.0;-2.0;-1.0;0.0;-4.0;0.0;1.0;-3.0;
5.0;-1.0;0.0;-6.0;-2.0;-2.0;-3.0;-1.0;
-3.0;-1.0;-1.0;2.0;-1.0;-2.0;0.0;-1.0;
-1.0;-3.0;1.0;5.0;0.0;-2.0;-1.0;-1.0;
-1.0;-1.0;-1.0;-1.0;2.0;-9.0;-2.0;0.0;
-1.0;0.0;-2.0;0.0;-6.0;18.0;0.0;-1.0;
-3.0;-1.0;0.0;-7.0;-2.0;-12.0;0.0;0.0;
-2.0;0.0;-2.0;-3.0;-2.0;-5.0;-5.0;-3.0;
-1.0;0.0;-1.0;1.0;-3.0;-3.0;-2.0;-1.0;
0.0;-1.0;-1.0;0.0;5.0;0.0;1.0;-1.0;
-2.0;-2.0;-1.0;2.0;0.0;0.0;-1.0;-1.0;
-3.0;-2.0;1.0;4.0;15.0;3.0;2.0;-1.0;
2.0;1.0;-1.0;0.0;-11.0;4.0;0.0;0.0;
-1.0;0.0;-2.0;-7.0;-9.0;-8.0;0.0;-1.0;
-6.0;-1.0;-3.0;-5.0;-7.0;-4.0;-4.0;-7.0;
-2.0;0.0;-3.0;1.0;2.0;-4.0;-1.0;-1.0;
-1.0;-1.0;1.0;0.0;5.0;-2.0;0.0;-1.0;
-1.0;-1.0;0.0;4.0;5.0;11.0;2.0;2.0;
-2.0;-1.0;-1.0;5.0;5.0;2.0;1.0;-1.0;
4.0;0.0;0.0;-6.0;-11.0;-12.0;-4.0;-2.0;
-1.0;-2.0;-1.0;-3.0;-10.0;-14.0;-3.0;-2.0;
3.0;-1.0;-1.0;-1.0;-5.0;-5.0;-4.0;-1.0;
0.0;-1.0;-2.0;-7.0;2.0;2.0;-1.0;0.0;
-5.0;-1.0;-2.0;-1.0;6.0;12.0;2.0;-4.0;
0.0;-1.0;0.0;8.0;-1.0;4.0;3.0;1.0;
-1.0;-1.0;0.0;-2.0;-1.0;-5.0;-1.0;-3.0;
1.0;-2.0;-3.0;1.0;0.0;5.0;0.0;0.0;
-3.0;-2.0;-3.0;-4.0;-3.0;-1.0;-1.0;-1.0;
-1.0;-2.0;-2.0;-4.0;-3.0;-1.0;-1.0;0.0;
-2.0;-1.0;-1.0;0.0;2.0;-1.0;-2.0;-2.0;
-2.0;-1.0;-1.0;-3.0;1.0;1.0;3.0;0.0;
1.0;-1.0;-2.0;9.0;-6.0;-3.0;-2.0;-1.0;
-2.0;-1.0;-1.0;-11.0;1.0;4.0;1.0;-2.0;
-1.0;0.0;-1.0;-6.0;0.0;-3.0;-2.0;0.0;
0.0;-2.0;1.0;0.0;-4.0;-12.0;-2.0;-1.0;
-1.0;0.0;1.0;9.0;2.0;11.0;0.0;0.0;
-1.0;-4.0;-7.0;-34.0;-1.0;-4.0;-1.0;1.0;
1.0;0.0;-1.0;5.0;-3.0;-6.0;-5.0;0.0;
0.0;0.0;0.0;-5.0;-2.0;-3.0;0.0;0.0;
-2.0;-2.0;1.0;-6.0;0.0;1.0;-1.0;2.0;
2.0;0.0;1.0;13.0;2.0;4.0;0.0;-1.0;
-2.0;0.0;-2.0;-2.0;0.0;-4.0;0.0;-2.0;
1.0;0.0;1.0;2.0;0.0;3.0;-2.0;-2.0;
1.0;-3.0;-2.0;4.0;-3.0;-3.0;-1.0;-3.0;
-1.0;-2.0;1.0;4.0;0.0;0.0;-1.0;-1.0;
-1.0;-1.0;1.0;-3.0;1.0;-1.0;2.0;0.0;
-1.0;-1.0;0.0;9.0;-2.0;5.0;-2.0;-3.0;
-5.0;-3.0;-2.0;-6.0;-3.0;0.0;-3.0;-2.0;
-3.0;-1.0;0.0;1.0;-1.0;-6.0;-3.0;-2.0;
2.0;-1.0;-1.0;-4.0;1.0;1.0;-3.0;0.0;
1.0;-1.0;-1.0;-2.0;-1.0;-1.0;0.0;2.0;
2.0;1.0;-2.0;-7.0;-2.0;-1.0;-1.0;1.0;
-2.0;-2.0;0.0;1.0;0.0;3.0;1.0;5.0;
1.0;-2.0;-1.0;3.0;-1.0;-3.0;-1.0;-1.0;
1.0;-2.0;-3.0;-2.0;-1.0;-1.0;-3.0;15.0;
-1.0;1.0;-1.0;-4.0;-1.0;-3.0;3.0;5.0;
-11.0;-3.0;-1.0;6.0;-1.0;-1.0;-8.0;-45.0;
-2.0;-3.0;0.0;-3.0;-1.0;-1.0;0.0;-14.0;
7.0;1.0;0.0;-2.0;-2.0;-2.0;2.0;6.0;
6.0;-1.0;-1.0;-2.0;-1.0;-2.0;1.0;37.0;
16.0;3.0;-1.0;2.0;0.0;0.0;2.0;78.0;
-16.0;-4.0;-2.0;-2.0;-2.0;-3.0;-7.0;-76.0;
-19.0;-5.0;0.0;0.0;-2.0;-1.0;-5.0;-14.0;
10.0;0.0;-1.0;1.0;-1.0;-2.0;0.0;39.0;
-1.0;-2.0;-2.0;0.0;-1.0;3.0;1.0;8.0;
6.0;-1.0;0.0;-1.0;0.0;-1.0;2.0;40.0;
8.0;1.0;-2.0;0.0;-1.0;-2.0;0.0;10.0;
-15.0;-3.0;0.0;-3.0;0.0;-3.0;-2.0;-45.0;
4.0;-1.0;0.0;0.0;-2.0;0.0;-1.0;3.0;
4.0;2.0;0.0;1.0;-1.0;0.0;0.0;34.0;
-4.0;-2.0;-1.0;-2.0;-1.0;-1.0;2.0;-25.0;
