-9;-2;-3;-2;-3;-3;-23;-37;6;
-8;0;-1;-3;-2;-1;20;28;6;
-9;-4;0;-2;-2;-16;-64;-56;6;
-18;-3;-3;0;-2;-2;-3;13;6;
-14;-5;-2;-3;-2;0;12;13;6;
28;4;0;1;-2;-6;0;7;6;
-3;1;0;2;3;4;13;2;6;
-4;0;1;-3;-1;0;8;-12;6;
2;-1;-1;0;0;2;-1;3;6;
-16;-3;-1;5;3;0;-8;-10;6;
28;1;-1;-4;-2;3;12;23;6;
-12;0;-1;-1;-2;0;-8;-33;6;
-5;-1;-2;0;0;0;3;18;6;
-1;-1;0;-2;-2;-2;-1;-4;6;
0;0;0;2;-1;-2;1;-5;6;
4;-2;-2;-1;0;2;7;9;6;
0;0;3;1;-1;-2;-1;-2;6;
-3;-2;-1;-5;0;-2;-10;-3;6;
6;-4;-2;0;-2;1;9;11;6;
-2;0;0;2;1;0;6;12;6;
-9;-3;-4;-1;1;2;-13;-12;6;
-1;-1;-2;-1;-1;-2;-7;-13;6;
-9;0;-1;-2;0;5;30;11;6;
18;0;0;1;-2;-3;-34;-12;6;
7;0;0;0;-1;-4;1;10;6;
3;0;0;-1;-3;0;-5;-6;6;
-11;-1;-1;-1;-1;-2;4;-7;6;
6;-1;-2;-1;-1;-2;4;17;6;
4;0;-2;-1;0;1;7;-5;6;
-4;-1;-1;-2;-2;1;-17;-18;6;
1;0;1;0;1;0;-1;-3;6;
-3;-2;-1;-2;0;0;4;-2;6;
-11;1;0;-2;-1;1;2;0;6;
-3;-2;-1;-1;-1;1;9;1;6;
-6;-2;-2;-1;2;5;-1;-10;6;
1;-2;-1;-1;-4;-3;-9;-7;6;
8;-1;-1;0;-1;-1;-4;15;6;
-14;-1;2;0;-1;-1;3;-7;6;
6;0;-1;-1;0;2;-4;6;6;
-8;-3;-2;-1;-3;-2;4;-6;6;
4;0;-1;-1;-1;-3;-2;8;6;
1;-2;-2;-2;0;-2;1;-7;6;
2;0;-1;1;-1;-4;-12;12;6;
-9;-3;-3;-4;0;0;5;0;6;
6;-1;1;0;-1;-4;-2;0;6;
1;0;0;-2;-1;0;-1;-4;6;
-1;0;-1;-1;-1;-1;5;-3;6;
-5;-4;-1;0;-2;-4;-18;-12;6;
0;0;0;1;0;-1;0;-2;6;
12;1;-2;0;-1;2;0;25;6;
-17;3;0;-1;-2;-1;6;-19;6;
1;0;1;2;2;0;-1;-6;6;
-1;0;-1;0;0;1;5;-7;6;
-1;1;-2;-1;-1;-2;-1;-6;6;
5;-2;-1;-2;0;1;-4;5;6;
-2;2;0;0;1;5;12;3;6;
-8;-2;-1;0;0;-3;-2;-6;6;
1;0;0;0;0;0;6;5;6;
4;-2;-2;-1;-2;1;-5;5;6;
-13;-2;-2;-1;-1;-3;2;-23;6;
9;2;0;1;-1;-4;-7;-4;6;
-11;-2;1;-2;0;-1;0;10;6;
2;-2;-1;-3;-1;-6;-4;-1;6;
-1;0;0;-1;-2;-2;5;3;6;
4;2;1;-2;0;1;-1;1;6;
-7;-2;-2;-3;-1;-2;-1;-12;6;
2;0;0;1;0;-3;-12;0;6;
5;-1;-2;1;1;1;4;14;6;
-1;-2;-1;-1;-3;0;4;-5;6;
-7;-1;0;2;-1;-1;-3;16;6;
6;1;0;-4;-1;-1;1;-7;6;
4;0;0;-3;-1;-5;-4;15;6;
1;0;-1;-2;-1;-2;0;5;6;
0;-1;-3;-1;-2;1;2;2;6;
-6;-3;0;1;1;0;4;-3;6;
3;0;0;-2;0;2;2;-3;6;
-2;-2;-1;-3;0;2;2;-1;6;
-4;-1;-1;0;0;-2;4;-3;6;
1;1;-2;-2;-1;0;-3;4;6;
4;-2;0;-1;-2;-2;-7;-8;6;
4;-1;-1;-1;0;0;3;11;6;
-4;-3;-1;-2;-2;4;6;-11;6;
-3;-1;-1;-1;0;-5;-9;1;6;
12;0;-2;1;-3;-3;7;13;6;
-19;-2;-1;1;1;1;-1;-36;6;
-4;0;0;-1;-1;0;1;4;6;
-4;-2;-1;-2;-1;-2;-4;-5;6;
-6;-1;-2;-1;1;0;-4;-3;6;
1;2;0;0;-2;-2;-1;4;6;
1;0;1;0;0;1;6;9;6;
6;0;-2;-1;-2;2;1;-5;6;
-6;-1;0;0;0;-2;1;-11;6;
6;1;0;-4;-2;-4;-10;9;6;
-4;-1;-1;-3;0;-1;-2;-5;6;
3;1;-3;0;0;-1;-4;-3;6;
3;-2;-2;-1;-1;1;3;7;6;
1;-1;-2;1;-1;-1;0;4;6;
-1;-4;-1;1;1;-2;1;-21;6;
-3;-3;-1;-2;0;1;2;12;6;
-9;-3;1;-2;-1;-2;-9;-8;6;
7;0;-2;1;-2;6;3;7;6;
-3;0;0;1;0;1;7;3;6;
5;0;-3;-1;-2;-6;-6;0;6;
-8;-4;-2;-1;0;2;0;-9;6;
7;-2;0;0;-1;-2;-6;7;6;
-11;-3;0;-2;0;-2;-2;-10;6;
1;1;0;1;-1;0;1;3;6;
1;1;-1;-1;0;2;-2;-4;6;
2;0;-1;0;-2;-4;1;-2;6;
4;1;0;-1;-2;1;-6;6;6;
0;2;0;3;-1;-1;-8;-9;6;
-1;1;-2;-4;-2;-2;2;-4;6;
-5;1;2;-4;-1;-3;-6;3;6;
5;1;0;-2;-3;-2;-1;1;6;
-2;-3;0;1;1;2;4;-1;6;
3;1;-1;-1;-2;-2;-2;-1;6;
9;0;-2;0;0;-3;-1;3;6;
-14;-2;0;-2;-1;-1;-2;-7;6;
1;1;-3;-1;0;0;1;-5;6;
0;-1;-1;0;-2;-1;-4;1;6;
-4;-3;-1;-1;-1;1;3;-2;6;
6;1;-1;1;-2;0;7;0;6;
-4;-2;-2;0;-1;-6;-19;-3;6;
1;-2;-3;-4;-3;3;-1;4;6;
-5;-2;-2;-1;-2;-1;2;-5;6;
14;2;0;-2;-1;-3;-17;-1;6;
-11;0;0;0;-2;-3;12;-6;6;
-1;0;-3;-3;0;-1;-12;3;6;
0;-1;-1;-3;0;0;5;0;6;
-7;-2;-2;0;0;2;10;-8;6;
-1;-1;-2;-3;-1;1;-13;9;6;
0;-4;1;3;0;0;8;4;6;
-3;0;0;1;0;-4;-7;-18;6;
-1;1;0;-1;1;1;-4;17;6;
-5;-3;-1;-2;0;1;3;-17;6;
-8;0;0;1;-1;-1;1;-10;6;
2;-1;-1;-2;0;0;-3;6;6;
3;1;-1;0;-1;-1;2;1;6;
0;-3;-1;-1;-2;0;3;0;6;
-6;1;-1;0;-1;0;-6;-11;6;
2;-1;-1;-1;-1;1;3;3;6;
-1;0;-1;-2;-1;-4;-7;-7;6;
-2;-2;-1;-1;0;-1;6;8;6;
3;0;-2;0;-1;-3;-2;5;6;
0;-3;-1;2;-2;2;5;7;6;
0;-1;-1;0;1;-1;-10;-7;6;
0;0;-1;-2;-1;0;3;17;6;
4;-1;-1;-3;0;-2;2;-1;6;
0;0;-1;0;-1;-4;-4;4;6;
-12;-4;-1;-3;0;4;-2;-13;6;
11;2;0;1;-2;-1;5;-1;6;
6;1;0;0;0;-2;-4;19;6;
-16;-1;0;-1;-1;1;1;-24;6;
2;-2;-1;0;-2;-3;3;4;6;
-1;-1;-1;-1;0;-3;-5;-8;6;
-3;-6;-3;-2;-1;4;7;5;6;
10;1;0;1;0;3;3;13;6;
-3;-2;1;0;-2;-4;-3;-4;6;
3;-2;-2;-1;-2;-2;-2;-1;6;
-6;-1;0;-1;-1;-2;-2;-5;6;
-2;-1;0;1;1;-1;-2;-4;6;
-1;0;-3;-1;0;0;1;-2;6;
-4;0;-1;-1;-1;-2;-1;5;6;
0;-1;-1;-1;-1;-3;-3;-6;6;
-4;-1;-1;-2;-1;-1;-2;-4;6;
4;0;0;-2;0;0;2;5;6;
-4;-1;0;-2;0;-1;0;-4;6;
0;0;-1;1;0;0;0;-1;6;
-1;-2;-3;0;-1;0;-1;-3;6;
3;0;-1;0;-1;-2;-1;1;6;
-2;0;0;0;-1;0;2;-2;6;
-6;-1;-1;-1;0;-2;-3;-1;6;
8;-1;-2;-2;0;-1;-2;6;6;
-1;-1;-1;-1;-2;-1;-2;1;6;
-4;-2;0;1;0;0;-2;-4;6;
1;-2;0;0;-1;-2;0;-7;6;
-3;-2;0;0;-2;-1;-2;0;6;
2;2;0;-1;-2;-1;0;5;6;
