-1;-1;-2;0;-2;0;-1;0;0;
-1;0;-1;-2;0;1;-1;0;0;
-2;-1;-2;0;-1;-1;0;-1;0;
-1;-1;-3;0;0;0;-1;-1;0;
-2;-1;1;-1;0;-2;1;-1;0;
0;-1;-2;1;-1;-1;-2;-2;0;
-1;-1;1;-1;-1;0;-3;-1;0;
0;0;-1;-2;-2;0;-1;0;0;
-1;-1;-2;-2;-1;0;0;-1;0;
-1;-2;-1;-2;-3;-1;-1;-2;0;
-1;0;-1;0;-2;-2;1;-1;0;
-2;-2;2;-1;-1;-2;-3;0;0;
0;0;-1;-2;-1;-2;-1;-1;0;
-1;-1;-2;-1;-3;-2;-2;0;0;
0;1;0;0;-1;-2;-1;-2;0;
-2;0;-2;-1;-3;0;-3;-2;0;
-1;0;-2;0;-2;-1;0;0;0;
1;-1;0;-3;0;0;-1;0;0;
-1;-2;0;-1;-2;0;-3;0;0;
-2;-1;-1;0;-2;-1;0;-1;0;
-2;-3;-1;-1;-2;-1;-2;-2;0;
0;0;-2;0;0;-1;0;-1;0;
-1;-2;-2;-3;-1;-2;1;-1;0;
0;0;-2;-1;1;-2;-2;-2;0;
1;2;-2;0;1;-1;-1;0;0;
-1;-2;-1;-1;0;-1;-1;-1;0;
-1;-1;-1;-1;-1;-1;0;-2;0;
-2;-1;-1;0;0;0;0;2;0;
0;-1;0;-1;0;-1;0;0;0;
-1;0;-2;-2;-2;-1;-1;-3;0;
-1;-1;1;-1;0;-1;-2;0;1;
-3;-2;-2;-1;0;-2;0;-3;1;
0;-1;-2;-1;-1;2;-1;-2;1;
0;0;1;2;-1;-1;-1;-1;1;
0;0;-2;0;-1;0;0;1;1;
1;-1;-2;0;-2;-1;-1;-1;1;
-1;-2;0;0;0;-3;-1;0;1;
-3;-1;-1;1;-1;-1;0;0;1;
-2;-2;-2;-1;1;-1;0;-1;1;
0;-2;-1;-3;0;-5;-2;0;1;
-1;-1;-2;-1;-2;4;1;0;1;
-1;0;-1;-2;-1;2;1;-1;1;
-2;-2;-1;-3;-1;-6;-3;-1;1;
0;-1;-1;1;-2;-1;-7;-2;1;
-3;-2;0;-2;-5;8;-7;-1;1;
2;1;1;1;-1;-17;6;4;1;
3;1;0;3;1;4;2;3;1;
0;0;-1;-1;1;3;2;-2;1;
-2;-2;0;0;1;0;-3;-2;1;
-7;-3;-1;-2;0;14;0;-5;1;
0;-3;-10;-3;0;1;1;-3;1;
4;-3;0;-1;-3;-10;-3;1;1;
-6;1;-1;-3;-6;-8;0;-1;1;
3;2;4;4;2;-1;-3;0;1;
-6;-3;-1;2;-1;-3;-2;-2;1;
0;1;3;-1;1;6;0;-2;1;
1;-2;-5;-1;0;-3;-1;0;1;
-1;-1;-3;-4;-2;0;-2;0;1;
-2;0;2;-2;-2;5;-1;-1;1;
-2;-1;-2;0;-1;2;0;-1;1;
-2;0;5;0;1;8;2;-2;1;
1;-1;-5;-1;0;-8;-3;-1;1;
-1;0;1;-2;-4;-2;-9;-2;1;
-5;0;-2;-2;-4;-5;1;-5;1;
3;0;-1;1;5;8;14;2;1;
-3;-3;-3;-2;0;8;-2;-2;1;
0;0;1;-2;3;21;2;0;1;
-1;0;0;-1;-5;-30;-10;-1;1;
2;-1;2;0;-3;-16;-6;0;1;
-2;1;3;1;-1;-2;-2;4;1;
-1;-2;-1;-1;0;-4;-1;1;1;
-5;-1;-4;-3;-2;21;7;-26;1;
4;-1;-3;1;2;0;-4;15;1;
-11;-6;2;-1;-1;-22;-8;-18;1;
2;0;2;-1;-1;1;4;-9;1;
-1;-1;-3;-1;1;4;2;3;1;
0;0;-2;-3;-2;-2;-1;-3;1;
1;-1;-2;-2;-3;2;-3;10;1;
0;-1;0;-4;0;-4;-2;1;1;
3;1;1;0;0;-2;-1;7;1;
-1;0;-2;-2;0;0;2;-5;1;
0;0;0;-2;0;6;0;1;1;
-3;-2;-2;-2;-3;-8;-2;-2;1;
1;-1;0;-1;0;0;-2;0;1;
2;0;-2;1;-1;-2;-5;2;1;
-2;0;-4;-2;-2;3;1;-5;1;
-1;0;-1;-1;-4;-6;-2;0;1;
1;0;4;1;1;3;0;7;1;
-2;-2;-5;-3;-1;-3;-1;-4;1;
0;-2;-1;-1;0;1;0;0;1;
1;-1;-2;0;0;-3;-2;1;1;
0;-1;2;2;-3;2;-1;0;1;
-3;-1;1;-2;-1;-4;-3;-5;1;
-1;0;-3;-2;-3;0;-1;1;1;
-1;1;-2;-1;0;-1;-1;2;1;
0;-3;-5;-2;2;0;-1;0;1;
-2;-2;-1;-2;0;-2;0;-2;1;
2;-1;1;0;-1;2;1;3;1;
-1;-1;0;-1;0;0;-1;-2;1;
-4;0;-2;0;-2;-3;0;-1;1;
0;-2;0;0;0;-1;-1;-2;1;
0;1;-1;0;0;1;1;0;1;
-2;-1;-2;0;-1;8;-1;-2;1;
0;-3;-1;-2;-2;-7;0;-1;1;
-3;0;1;0;-1;-2;-1;2;1;
1;0;-2;-1;0;3;-1;-3;1;
-1;0;-1;-2;1;0;-4;0;1;
-3;-2;-2;-2;-1;-5;0;0;1;
-2;-1;1;-1;-3;-1;0;-3;1;
-1;-1;-2;-1;-1;0;2;-1;1;
1;1;1;1;0;-1;2;1;1;
-2;-1;-2;0;1;2;-5;1;1;
-3;-1;-2;-1;0;-3;-3;-2;1;
-1;-2;-1;-1;-4;-4;-4;-1;1;
-1;-1;-2;-3;-1;-4;-1;-1;1;
1;-1;-1;-2;-1;3;-2;-1;1;
-1;-3;1;-1;-1;1;-2;-2;1;
3;-2;-1;0;1;-1;-1;0;1;
-3;-1;-1;-1;-1;-3;1;-1;1;
-2;1;0;-2;0;2;2;0;1;
0;0;-1;0;0;-1;0;0;1;
-2;0;0;-1;1;1;-1;-1;1;
-2;-1;0;2;-3;-6;1;-2;1;
-1;-1;-2;0;-1;-2;-1;0;1;
0;0;1;0;0;2;0;-1;1;
-2;-3;-1;-3;-1;-2;-2;0;1;
0;-1;-3;-1;-2;-3;-2;-2;1;
-1;1;-1;-1;0;2;0;1;1;
-2;-1;0;0;-2;-1;0;-4;1;
0;0;0;0;-2;-2;0;-2;1;
0;-1;1;-1;1;0;-1;-1;1;
3;-2;-2;-2;-2;2;-1;14;1;
-6;-2;-1;-2;0;-1;-1;-7;1;
0;-2;-2;0;-1;-1;-1;-8;1;
0;-2;0;0;0;1;0;1;1;
-1;-1;-1;0;0;0;-1;-3;1;
-3;-1;-3;-1;1;1;-1;8;1;
1;1;0;-2;0;-1;-2;2;1;
-1;0;1;-1;-3;-5;-4;-4;1;
2;0;1;-2;-1;0;2;6;1;
0;0;-2;-2;-1;0;1;-1;1;
1;-2;-1;-2;-1;1;0;-19;1;
-4;-2;-4;-2;0;-1;-1;15;1;
-6;-3;-2;1;-1;-2;-4;-9;1;
6;3;0;1;0;1;3;5;1;
-5;-1;-2;0;0;-2;-3;-4;1;
5;-2;-1;-1;-2;-3;-1;-14;1;
2;-1;2;1;1;0;0;23;1;
-4;-3;0;-3;1;1;2;-30;1;
0;0;-1;-1;-1;-3;-4;45;1;
-2;2;1;-1;1;0;3;-10;1;
-4;-2;-2;-3;-3;-2;-4;-5;1;
2;-3;-3;-2;-2;-1;0;-9;1;
1;0;-2;-1;-3;-1;1;-3;1;
-4;-2;-2;-1;0;-2;0;10;1;
-2;-1;0;0;-1;-2;0;-14;1;
3;0;2;-1;-1;-3;-12;-2;1;
1;0;0;-1;-1;0;2;-7;1;
1;-1;-2;-3;-1;-1;0;5;1;
-8;-10;-3;-1;-1;0;4;6;1;
-2;0;-3;1;-1;-2;-2;2;1;
-1;-2;-3;-2;-1;0;1;10;1;
2;-1;1;0;-1;-1;-1;-4;1;
0;2;0;1;0;-1;-7;18;1;
2;0;-1;-1;0;-1;-1;-3;1;
-6;-2;-2;-1;-1;-2;1;-18;1;
-2;0;1;-1;-2;0;-1;-2;1;
0;0;-1;-1;-1;1;1;-10;1;
-3;-2;-1;-2;-1;-1;0;7;1;
-1;-2;-1;0;-1;-1;4;2;1;
-1;-1;-1;0;1;-1;-10;-23;1;
1;1;-2;0;-1;2;0;-8;1;
-1;-1;-2;1;-1;-1;-2;1;1;
-1;-1;2;1;0;0;-2;-6;1;
-2;-2;0;0;0;-2;0;9;1;
2;-1;0;-3;-1;-2;-1;-10;1;
0;-1;-1;-1;-3;0;2;6;1;
-1;-1;0;0;1;-1;-3;-4;1;
-1;-2;-3;-2;-2;-2;0;3;1;
-2;0;-1;0;0;-1;-2;-7;1;
-2;-2;-1;-1;-1;1;1;3;1;
0;-1;-1;0;-1;-1;-3;0;1;
0;-1;-1;0;-2;-1;-1;0;1;
1;1;-1;-3;0;0;-1;-28;1;
-1;-2;-3;0;-2;-2;0;31;1;
-1;2;0;-3;0;-1;-5;-13;1;
