0;-1;-1;-1;0;3;1;-2;1;
-4;-1;0;-2;0;3;0;2;1;
0;-1;1;0;2;11;4;0;1;
-2;-1;-1;-1;0;-1;0;1;1;
0;-1;0;-3;-6;-20;-9;-2;1;
-1;0;0;-2;3;23;5;-1;1;
-2;-2;0;1;-3;-8;-1;1;1;
-1;-2;-3;1;-3;-11;-4;-2;1;
1;1;-1;1;1;2;-1;1;1;
0;-2;-2;-1;-1;3;-2;0;1;
-1;-1;-2;-1;-2;-5;-4;-3;1;
-2;-2;-3;0;1;-6;-5;-1;1;
1;-1;-2;-1;1;-5;-2;0;1;
0;-2;-1;-2;-2;-11;-2;-2;1;
0;0;-1;-2;-1;30;6;-1;1;
-4;-3;-1;-2;-2;-12;4;1;1;
1;0;-1;2;1;-3;-1;-1;1;
-3;1;4;1;2;-3;-4;-1;1;
-2;-3;-10;0;0;-10;-6;-2;1;
-6;-6;0;-7;-5;4;-1;-4;1;
3;2;-3;1;-1;0;2;-1;1;
4;1;4;0;-2;0;-3;0;1;
-3;-1;-12;-14;-1;-1;4;1;1;
0;0;-1;2;1;7;-2;-2;1;
-5;-3;0;1;-2;3;2;-3;1;
-1;-2;0;1;-1;-8;-4;0;1;
-1;-3;5;4;-3;-3;-4;-2;1;
1;0;-4;-1;1;12;2;2;1;
-2;1;2;-3;-1;-8;-1;1;1;
0;-2;-5;-1;-3;-7;-2;-1;1;
-4;-3;3;0;-2;-7;-3;-1;1;
-1;-1;-2;0;0;5;1;-1;1;
-1;0;-1;-2;0;4;-1;-2;1;
-1;-1;-2;-1;-2;-1;-1;-1;1;
1;0;-1;0;0;-2;-2;-1;1;
2;1;0;1;0;-2;-1;1;1;
-2;-1;0;-1;1;3;-2;-1;1;
-2;-1;-4;-3;-1;-3;1;5;1;
-2;-1;2;1;-1;-3;-1;-15;1;
0;0;0;0;0;-1;-1;0;1;
-3;-2;-1;-1;-2;-1;-1;-2;1;
-1;-1;-1;-1;-1;-1;0;-1;1;
1;0;1;2;1;-1;-1;5;1;
-2;0;-1;-2;-1;0;0;0;1;
0;-2;-2;-4;-1;1;0;-2;1;
-4;-2;-2;-2;-1;0;0;-1;1;
0;-2;0;-2;-1;0;1;0;1;
1;0;-1;-3;-2;-2;-2;-2;1;
1;0;2;2;-1;0;0;3;1;
-1;-1;-1;-1;0;-1;-2;-1;1;
0;-1;-3;0;2;-3;-1;1;1;
1;0;-3;-2;0;0;0;2;1;
-3;-1;-1;-1;0;1;-1;-3;1;
-1;-3;-3;-1;-3;-2;-2;-2;1;
-1;-2;-1;0;-1;0;-1;0;1;
0;1;1;1;-1;0;-1;-1;1;
0;0;0;0;-2;-8;-4;3;1;
-2;-1;0;-2;-1;-3;-1;-3;1;
2;1;0;0;0;2;-2;3;1;
-1;-1;-1;-1;0;6;3;-1;1;
0;1;-2;-1;1;1;2;1;1;
0;-2;-2;-2;-1;-4;-3;-2;1;
-1;0;3;0;-3;-6;-3;0;1;
0;0;0;0;-3;-6;-4;-1;1;
-1;0;1;-2;-3;1;1;-1;1;
1;2;0;-1;1;1;3;0;1;
-2;-1;0;-1;0;-1;-2;-3;1;
0;0;-2;-1;-1;0;-1;-2;1;
0;-2;-1;-1;-1;1;-1;-1;1;
-1;-1;-3;-2;0;-1;1;-2;1;
-1;-1;-2;-2;-3;-1;-1;-2;1;
-3;-1;1;0;0;-3;-1;-1;0;
-1;-4;-1;0;-2;-2;-1;-2;0;
-1;0;-2;-2;-1;2;0;-1;0;
0;-2;2;-1;0;2;0;1;0;
1;0;-1;0;0;-2;0;0;0;
-6;-2;-4;-3;-1;2;-2;-3;0;
1;0;2;-1;-2;-8;-3;-1;0;
0;1;-2;-1;-1;1;0;1;0;
-1;-4;0;-1;0;5;2;-1;0;
0;-1;-1;0;1;4;2;1;0;
-2;-2;0;-1;0;5;-1;0;0;
-1;-2;0;-1;-3;-15;-6;0;0;
3;-1;-2;-1;-4;-9;-5;4;0;
-3;0;0;-2;-1;-7;-1;-15;0;
0;-1;-2;0;0;5;1;0;0;
-2;1;-2;-2;0;-2;0;-2;0;
-4;-2;0;1;-1;1;-2;-3;0;
1;-1;-1;0;-1;3;1;3;0;
-2;-2;-2;-1;-2;0;-2;-2;0;
-1;-2;-1;1;-3;1;3;-2;0;
-2;0;0;0;1;0;5;2;0;
2;-1;-1;-3;-1;-3;-2;2;0;
-1;0;0;0;0;-5;-2;-1;0;
0;-2;-2;-1;0;0;-2;0;0;
-1;-2;0;-3;-1;-1;-4;-3;0;
-1;-2;-1;-2;-2;-3;-2;0;0;
1;-1;-1;-2;-1;-2;0;0;0;
1;-1;-2;1;-1;-1;-1;0;0;
-3;0;-3;-2;-1;-1;-1;-3;0;
0;1;-1;1;-1;-2;-1;1;0;
-2;0;-2;0;-1;0;-1;0;0;
0;-1;1;-2;0;0;0;-1;0;
-1;0;-2;-1;0;-1;-1;-3;0;
-1;-1;-1;-3;-2;-1;-2;1;0;
-1;0;1;-1;-1;0;1;-1;0;
0;0;-2;-1;-1;1;0;-2;0;
-1;0;0;0;-1;-5;0;-2;0;
0;-3;-1;0;0;1;-1;-1;0;
-2;-1;-2;0;-1;-2;-1;-1;0;
-2;0;0;-1;-1;2;-2;2;1;
0;-1;-2;-2;0;1;-1;-1;1;
1;-1;-2;-1;1;-2;-1;-2;1;
0;-2;0;-1;-1;-1;0;-1;1;
0;0;0;-1;-2;-1;-1;1;1;
1;0;-1;-1;0;-1;0;4;1;
-2;0;-2;-2;-1;0;0;2;1;
0;0;-4;-1;1;-2;1;0;1;
-2;-2;-1;0;1;0;0;-3;1;
3;0;0;-2;-1;-2;-2;14;1;
-4;-1;-1;-3;0;-1;-1;-3;1;
-4;-1;-2;0;-1;-1;0;-25;1;
-1;-2;-1;-2;-1;-2;-2;12;1;
4;2;1;2;0;3;4;28;1;
9;1;1;3;2;-2;1;21;1;
-9;-4;-5;-2;-1;-3;0;21;1;
-7;-4;-2;0;-2;-6;-6;-22;1;
6;0;1;1;0;1;0;14;1;
-3;-2;-1;-1;1;0;0;-2;1;
1;1;1;-2;-1;-2;-7;-27;1;
-4;-3;-3;-1;-1;0;0;2;1;
-6;-2;0;-1;0;-1;-3;-20;1;
-5;-2;0;0;-2;0;2;24;1;
8;3;0;-2;0;-2;-5;-1;1;
0;0;0;-1;0;1;-1;-3;1;
-5;-2;-2;-2;-2;-2;-3;-9;1;
-2;-2;-3;-1;1;0;1;-11;1;
1;-3;-1;-3;-3;0;2;13;1;
1;0;-1;0;0;-1;1;6;1;
-5;-3;-4;-2;0;-3;-1;-16;1;
-3;-1;-1;1;-3;-1;-2;-57;1;
-3;1;0;0;-1;-3;-3;51;1;
3;0;0;0;-2;2;6;-2;1;
-4;-3;-2;-1;-1;-1;-1;0;1;
0;0;-2;-1;-1;-3;-3;-9;1;
5;-1;-2;1;-1;1;7;16;1;
-6;-1;-1;-3;1;-3;-7;-24;1;
1;-2;-3;0;0;-1;0;6;1;
3;2;0;-2;1;-1;-1;11;1;
0;0;1;-2;-1;0;-2;-4;1;
2;-1;-2;-1;-2;0;2;14;1;
-2;-2;0;0;-2;-2;-1;-13;1;
-1;-2;1;1;-1;-2;-5;-3;1;
-9;-4;-1;0;0;1;6;-24;1;
0;-2;-2;-2;-2;-3;-1;10;1;
4;3;1;0;-1;1;-3;-12;1;
1;-2;-2;0;-1;-3;0;7;1;
-1;1;-2;0;-1;-3;-3;-28;1;
-2;0;-1;-1;1;0;3;17;1;
-3;-1;-3;-3;-2;-3;-2;-13;1;
-2;-1;-2;-1;-1;0;-3;11;1;
0;0;0;1;0;1;0;-11;1;
-3;0;0;-1;-1;-1;-6;-12;1;
0;0;-1;0;-1;-1;-1;9;1;
-1;0;-3;-1;0;1;0;-1;1;
-5;-3;-2;-2;-1;-1;-1;-2;1;
