-1;-1;-2;-2;0;0;0;-3;0;
-3;-1;-1;0;-1;-4;-3;10;0;
-1;1;-1;1;-1;0;-1;-9;0;
3;1;-1;-1;-1;0;-1;0;0;
-1;-1;0;0;-3;-1;-1;1;0;
-4;-1;0;-1;-2;1;0;-10;0;
1;2;-2;-1;-1;0;-4;-2;0;
-2;-1;1;-1;-2;-1;-1;3;0;
1;0;-3;-2;-1;-1;-1;0;0;
-6;-2;-1;-3;-1;-2;0;-30;0;
0;-2;0;0;0;0;-1;-3;0;
1;1;-2;0;-3;-1;-2;5;0;
0;-1;-2;-1;-1;-1;-2;-1;0;
6;-1;-2;-3;1;-1;-1;17;0;
-6;-1;-3;-2;-2;-1;-1;10;0;
-2;-3;-1;-1;-1;0;0;-20;0;
-3;-1;0;0;0;2;-1;-1;0;
0;-1;1;2;-1;-2;0;5;0;
0;-1;0;-1;0;-2;0;1;0;
0;0;-2;-1;-1;-3;-1;5;0;
-2;-2;-2;0;-2;0;1;-3;1;
0;-1;2;-2;-1;0;0;7;1;
0;-1;2;0;-1;0;-1;-6;1;
-3;-2;-8;-5;-1;0;-2;-1;1;
-1;1;-3;-5;-1;-1;0;-8;1;
5;7;9;10;0;3;1;12;1;
-12;-9;-1;-3;-4;-3;-3;-23;1;
0;1;4;2;-1;-3;-1;-10;1;
-2;-1;-4;-4;-2;-2;-1;-10;1;
2;-1;-7;-2;-1;1;0;31;1;
6;1;-5;-2;1;0;0;12;1;
-2;-2;-4;-5;-1;0;-3;19;1;
-11;-4;-2;-2;2;-1;-1;-49;1;
-2;-4;-8;-2;0;-2;-3;0;1;
1;0;8;0;-1;-1;-2;-18;1;
2;3;10;-1;-5;-3;-2;11;1;
1;3;7;6;-1;0;-1;20;1;
-4;-2;-4;-3;-2;-4;-2;-22;1;
1;-3;-10;-2;2;0;0;3;1;
3;-1;-8;-2;3;1;1;3;1;
-4;-2;2;-1;0;0;0;-18;1;
-6;-3;0;-4;-1;-2;-2;-6;1;
1;-1;-1;-4;-1;-3;-1;5;1;
0;-1;3;1;1;-1;0;-2;1;
-2;-3;-4;0;-3;-3;-2;11;1;
-1;-3;-3;-2;-1;-2;-1;2;1;
2;1;-4;-3;0;-1;-2;1;1;
-1;-2;4;7;0;-1;-1;0;1;
0;-2;-2;-5;-3;-2;-3;-1;1;
-2;0;-1;-2;-1;0;0;-4;1;
-3;0;-2;-2;-1;0;0;-9;1;
-1;-1;-4;0;0;-1;-1;13;1;
7;-1;0;2;0;-2;2;16;1;
-5;4;5;-1;-1;0;1;10;1;
-2;-2;-5;-1;-2;-3;0;-13;1;
0;-1;-3;-3;1;0;0;-3;1;
-2;-2;-1;2;0;-1;0;1;1;
-3;1;-2;-1;-1;-2;-2;1;1;
6;2;0;2;0;-2;-2;6;1;
-5;0;0;1;-3;-1;-1;-11;1;
1;1;0;1;0;1;-3;6;1;
1;-2;-2;-1;-2;-2;0;-9;1;
-2;0;0;0;0;1;1;9;1;
-4;0;-1;1;1;0;-2;-29;1;
2;-2;-6;-6;-2;-3;-1;50;1;
-2;-2;4;2;-3;0;-2;-17;1;
2;3;3;1;-2;-1;0;11;1;
-8;-9;-10;-7;-1;0;-1;4;1;
-1;-3;-1;-3;0;0;0;-9;1;
-2;3;10;3;0;-1;-1;-1;1;
-6;0;4;1;-1;1;-2;-46;1;
0;1;-1;0;0;-2;-1;-6;1;
-2;-3;-8;-5;0;-2;-1;-4;1;
2;-4;-6;-2;1;2;-1;8;1;
0;1;1;-1;0;2;-1;-4;1;
-1;1;-3;-3;-1;-2;0;0;1;
2;0;7;4;0;2;-1;8;1;
-1;-2;-2;-2;-2;-1;-1;-11;1;
-4;-3;-2;1;-1;-3;-1;7;1;
2;-1;1;-2;-1;-2;-1;1;1;
0;1;-2;0;-2;-2;-1;1;1;
-2;-1;-2;-1;-1;0;-2;-1;1;
-3;-4;-5;-2;0;0;-2;6;1;
0;1;0;3;-1;0;1;1;1;
-3;-1;0;0;-1;-1;-2;-20;1;
0;0;-3;-2;-1;-2;-1;0;1;
3;0;-2;0;-1;-1;0;19;1;
-6;-1;3;-2;-1;0;-1;-5;1;
2;0;4;0;-1;-2;-1;-9;1;
-2;-2;-2;1;0;-2;-1;-5;1;
1;-2;-5;-2;-2;-2;-1;-6;1;
4;1;2;-1;0;2;-1;20;1;
-5;0;0;-4;-1;-1;-2;-4;1;
-1;-1;-1;-2;1;-3;-1;-1;1;
1;-2;0;1;-1;1;-2;-1;1;
-5;2;0;0;-1;1;-3;-23;1;
-1;0;0;-2;-1;-1;0;-8;1;
1;-2;-2;-1;-1;3;0;-2;1;
-3;2;0;0;2;-2;-3;3;1;
1;-2;-2;0;-2;-5;-1;-4;1;
2;0;-3;0;0;0;-1;1;1;
2;3;0;-2;-1;-2;-1;3;1;
-1;-1;1;-2;-2;-1;1;-1;1;
3;-2;-4;0;-2;2;0;6;1;
1;-1;-2;1;-1;-5;-2;12;1;
-11;-1;3;1;0;0;-1;-44;1;
3;2;2;0;-1;0;0;3;1;
-3;-1;-1;-2;-1;-2;-1;-5;1;
0;-3;-9;-7;0;1;1;13;1;
0;-3;-6;-4;-1;-1;-1;13;1;
-1;-1;11;5;-2;0;-1;-23;1;
1;0;1;0;-4;-2;-1;20;1;
-2;-1;0;-1;1;0;0;-9;1;
-1;-2;-6;-7;-1;-1;0;6;1;
-2;-4;-7;-1;0;-1;-2;-10;1;
1;-2;-3;-2;-1;0;-1;1;1;
-1;1;4;1;1;2;1;-5;1;
-1;-1;5;0;-4;-3;-5;1;1;
1;0;-2;-2;-2;-3;0;16;1;
1;1;1;3;1;0;0;-17;1;
-5;-2;-3;2;-1;-4;-3;28;1;
2;-3;0;0;0;-1;0;-4;1;
0;-1;-2;-3;-2;-1;-2;0;1;
-4;-3;-3;-3;-2;-1;-1;2;1;
-4;-1;1;-1;-1;1;-1;-15;1;
3;-2;0;0;-1;0;-2;12;1;
-1;-1;-2;0;-2;-2;1;3;1;
-1;1;-1;-1;2;-2;-1;20;1;
-2;-1;1;1;-2;0;-1;-28;1;
1;0;-3;0;0;1;1;12;1;
-1;-1;-3;-2;0;1;0;-1;1;
-5;-2;0;-2;-1;-2;-2;3;1;
0;0;0;2;1;-1;0;-8;1;
0;1;-1;-1;-2;-1;-1;-4;1;
-4;-2;-1;-2;-1;0;-1;0;1;
2;2;0;0;-2;-1;-2;-6;1;
1;1;2;-6;-2;-1;1;2;1;
-2;-2;2;-2;-1;-1;-1;-2;1;
-1;-3;0;-1;0;-1;0;-2;1;
3;-2;-2;0;0;2;-1;-3;1;
-1;-2;-2;-3;0;1;0;-1;1;
3;0;-2;0;0;-3;-1;-7;0;
-5;-1;-2;-1;-2;-2;-1;25;0;
1;-1;-1;-1;0;-1;0;-10;0;
6;1;-3;1;-2;-3;-2;21;0;
-16;-2;0;-1;0;-1;-4;-39;0;
-2;1;-2;-1;-1;-1;-2;5;0;
-1;-1;-1;-3;-2;-4;-2;-12;0;
5;0;-1;0;-2;-3;-1;24;0;
5;2;1;0;1;0;1;21;0;
-3;-2;1;1;1;1;0;-26;0;
-2;-3;-1;-1;0;1;-1;-10;0;
-2;2;0;-2;-2;0;-1;-31;0;
9;0;-2;-2;-1;0;4;29;0;
-17;-4;-1;-2;0;-6;-8;-33;0;
3;0;1;2;0;-1;-1;4;0;
-2;-2;-2;-1;-2;-2;-3;0;0;
0;-1;-1;-1;-2;0;-1;-6;0;
5;-2;-2;-2;-1;0;2;11;0;
-4;0;1;-2;0;0;0;1;0;
-2;-1;-1;0;-1;1;-2;-8;0;
6;0;-3;-2;-1;-2;1;14;0;
-9;-3;1;-2;-2;-1;-3;3;0;
-1;-1;-1;1;0;-2;-3;17;0;
-5;-5;-3;0;-1;1;0;-38;0;
0;0;-3;-1;-1;-1;-1;-4;0;
